0 0.990824 0.642319 0.018023 0.057972
0 0.476270 0.632667 0.059898 0.081889
0 0.700043 0.537701 0.057023 0.058625
0 0.736105 0.518403 0.052773 0.050639
0 0.285625 0.625569 0.053938 0.103528
0 0.616543 0.497646 0.051570 0.059653
0 0.842543 0.615944 0.072773 0.069472
0 0.778332 0.642958 0.087617 0.117111
0 0.262273 0.898542 0.121719 0.191667
0 0.552844 0.472118 0.052297 0.055625
0 0.292566 0.503799 0.040148 0.049764
0 0.623305 0.679708 0.078016 0.101861
0 0.438078 0.582187 0.048578 0.062819
0 0.231547 0.470153 0.031844 0.033861
0 0.327617 0.539375 0.039453 0.063194
0 0.543820 0.581090 0.054953 0.070486
0 0.460883 0.517528 0.050188 0.051306
0 0.516520 0.433854 0.042148 0.028625
0 0.462684 0.450896 0.037523 0.029875
0 0.379168 0.512507 0.044102 0.056014
0 0.384836 0.482757 0.036688 0.034847
0 0.273707 0.463951 0.036133 0.033986
