0 0.406680 0.435167 0.028625 0.020056
0 0.575605 0.480167 0.052039 0.051056
0 0.482926 0.471910 0.041492 0.029542
0 0.386320 0.626479 0.060344 0.094069
0 0.591023 0.523118 0.037328 0.045514
0 0.456922 0.587201 0.055906 0.070347
0 0.276934 0.604681 0.046836 0.076667
0 0.785410 0.561993 0.099039 0.095264
0 0.850078 0.562396 0.061766 0.079153
0 0.718422 0.604090 0.064609 0.080347
0 0.528711 0.726479 0.068359 0.103097
0 0.431848 0.937451 0.125727 0.125097
0 0.779766 0.421521 0.036391 0.041042
0 0.453410 0.519931 0.044664 0.051306
0 0.816395 0.929861 0.149305 0.140278
0 0.344844 0.489090 0.040813 0.049069
0 0.264578 0.477000 0.037313 0.040083
0 0.613719 0.476444 0.036594 0.034639
0 0.306184 0.413299 0.020102 0.019597
0 0.482750 0.459958 0.040453 0.051111
0 0.259332 0.548167 0.041586 0.048361
0 0.373715 0.440764 0.031227 0.021972
