0 0.668086 0.521965 0.043828 0.044931
0 0.340457 0.421069 0.031586 0.039028
0 0.382117 0.624201 0.050766 0.077236
0 0.239656 0.521167 0.040266 0.063167
0 0.639145 0.561507 0.038602 0.050625
0 0.186969 0.395785 0.021703 0.015931
0 0.566688 0.445215 0.039719 0.024292
0 0.561879 0.487333 0.042648 0.034694
0 0.596512 0.639819 0.067914 0.083917
0 0.433449 0.892569 0.104305 0.190194
0 0.251590 0.406993 0.026883 0.017931
0 0.231914 0.398285 0.016938 0.015431
0 0.294035 0.464201 0.039477 0.040875
0 0.343484 0.492347 0.039469 0.038556
0 0.307414 0.529340 0.047016 0.072653
0 0.830715 0.612056 0.071617 0.062139
0 0.853082 0.942514 0.107055 0.108250
0 0.273965 0.839493 0.085648 0.135764
0 0.874926 0.697778 0.079148 0.081972
0 0.507133 0.464465 0.040359 0.037986
0 0.423809 0.421687 0.037070 0.034153
