0 0.955594 0.604542 0.060469 0.071000
0 0.565293 0.478840 0.051898 0.052153
0 0.682031 0.497563 0.052500 0.052875
0 0.800590 0.506889 0.063258 0.047667
0 0.778430 0.655236 0.084578 0.071583
0 0.332496 0.536979 0.043039 0.062375
0 0.301055 0.650069 0.051656 0.093056
0 0.424316 0.566549 0.052336 0.080403
0 0.821996 0.559021 0.068773 0.055764
0 0.709703 0.551840 0.060687 0.062014
0 0.572000 0.522576 0.046344 0.043208
0 0.258113 0.551458 0.040336 0.070972
0 0.652461 0.439792 0.121484 0.080972
0 0.506207 0.426347 0.104148 0.084306
0 0.363367 0.413042 0.022141 0.018000
0 0.282871 0.402431 0.026211 0.021861
0 0.343977 0.430389 0.026578 0.022500
0 0.373125 0.510417 0.042359 0.044444
0 0.321125 0.479972 0.038172 0.033167
0 0.275035 0.490569 0.036648 0.045111
0 0.259984 0.948063 0.097422 0.103875
0 0.626645 0.869243 0.117242 0.171986
