0 0.332227 0.482792 0.038984 0.038667
0 0.256969 0.479299 0.035422 0.037653
0 0.352504 0.413264 0.024742 0.037472
0 0.443539 0.502944 0.049437 0.066778
0 0.401004 0.677424 0.060992 0.114903
0 0.657918 0.699174 0.088586 0.113542
0 0.544996 0.502125 0.044727 0.050056
0 0.308668 0.521285 0.039961 0.057486
0 0.467348 0.438743 0.040352 0.050375
0 0.650879 0.573160 0.051320 0.038792
0 0.628617 0.510549 0.052250 0.047597
0 0.703902 0.503556 0.056852 0.056694
0 0.920125 0.651618 0.100234 0.102764
0 0.766156 0.642278 0.077375 0.085111
0 0.597602 0.826569 0.094047 0.139778
0 0.379742 0.476632 0.036922 0.032986
0 0.369895 0.587431 0.047711 0.075694
0 0.495285 0.626035 0.060836 0.096819
0 0.418594 0.430451 0.039688 0.037014
0 0.875961 0.932146 0.153078 0.133486
0 0.530902 0.582299 0.052914 0.055903
0 0.542723 0.458299 0.047695 0.034208
0 0.374773 0.519785 0.042359 0.046653
