0 0.440617 0.581764 0.052109 0.067083
0 0.279227 0.579271 0.102594 0.212708
0 0.342871 0.543014 0.040086 0.067778
0 0.722699 0.548438 0.064523 0.070153
0 0.595125 0.528715 0.048922 0.060597
0 0.839027 0.618604 0.091758 0.080875
0 0.499820 0.556868 0.065250 0.073042
0 0.532348 0.674667 0.070008 0.105194
0 0.491508 0.462472 0.038531 0.040222
0 0.243281 0.433569 0.034344 0.024778
0 0.254461 0.457910 0.028187 0.026208
0 0.364461 0.436597 0.035312 0.033694
0 0.432176 0.421187 0.031430 0.022458
0 0.515121 0.440479 0.044711 0.033403
0 0.834719 0.556250 0.077781 0.053528
0 0.350410 0.468431 0.042773 0.060194
0 0.447813 0.457743 0.046500 0.048264
0 0.626020 0.499549 0.052102 0.053181
0 0.298934 0.523333 0.123211 0.097694
