0 0.734531 0.626118 0.069375 0.065014
0 0.368141 0.508694 0.044031 0.048972
0 0.429297 0.501556 0.043594 0.041639
0 0.507828 0.443653 0.114078 0.124917
0 0.348496 0.430340 0.034305 0.027319
0 0.240898 0.462917 0.040391 0.042778
0 0.206648 0.480278 0.032734 0.044722
0 0.289469 0.501903 0.037484 0.041806
0 0.560852 0.510090 0.048672 0.048569
0 0.866848 0.720812 0.096039 0.097514
0 0.620637 0.550562 0.052273 0.055542
0 0.267316 0.539250 0.040164 0.069194
0 0.502387 0.554028 0.049195 0.056472
0 0.659371 0.514181 0.059820 0.047861
0 0.396125 0.691528 0.059344 0.093444
0 0.745027 0.559569 0.055695 0.054778
0 0.779273 0.545604 0.044672 0.039958
