0 0.431687 0.506507 0.046484 0.055014
0 0.391867 0.626451 0.085938 0.163097
0 0.734020 0.794361 0.107273 0.159611
0 0.293238 0.778486 0.072430 0.150000
0 0.333816 0.486021 0.042555 0.046042
0 0.322051 0.417250 0.041477 0.034167
0 0.913605 0.577306 0.082945 0.086500
0 0.251699 0.551090 0.041086 0.049458
0 0.292254 0.506646 0.039008 0.062097
0 0.328020 0.541375 0.038570 0.062972
0 0.508844 0.566375 0.054641 0.063167
0 0.897281 0.460250 0.070922 0.064389
0 0.301063 0.596229 0.042797 0.074347
0 0.544289 0.733528 0.073797 0.110306
0 0.748547 0.577972 0.070609 0.064361
0 0.737738 0.492535 0.051555 0.051847
0 0.261766 0.482847 0.038234 0.038306
0 0.261039 0.451889 0.032234 0.029944
0 0.290602 0.436333 0.034344 0.034556
0 0.431250 0.567354 0.032625 0.057097
0 0.399762 0.414778 0.033883 0.026389
0 0.371410 0.474028 0.035977 0.030861
