0 0.237840 0.519160 0.037258 0.040319
0 0.473469 0.422826 0.044547 0.034847
0 0.389957 0.441549 0.034664 0.035431
0 0.445828 0.465868 0.037641 0.032569
0 0.546094 0.582722 0.068609 0.092306
0 0.881613 0.961479 0.129586 0.071764
0 0.330656 0.544826 0.042156 0.056653
0 0.285633 0.627799 0.045453 0.074486
0 0.274695 0.588097 0.041156 0.053083
0 0.499277 0.485938 0.045164 0.039708
0 0.663152 0.476292 0.043758 0.030861
0 0.282738 0.782111 0.078508 0.169556
0 0.936516 0.692208 0.085641 0.076556
0 0.979398 0.580125 0.041125 0.071694
0 0.447281 0.573403 0.053781 0.065833
0 0.610254 0.474090 0.050336 0.051625
0 0.596523 0.529813 0.038641 0.048931
0 0.397578 0.657521 0.069687 0.137236
0 0.929129 0.608486 0.083602 0.075306
0 0.676910 0.580743 0.062211 0.066819
0 0.522504 0.693181 0.066523 0.116250
0 0.682719 0.721694 0.086203 0.128083
0 0.811191 0.676153 0.085023 0.082917
0 0.340918 0.494597 0.041602 0.045583
0 0.263031 0.446299 0.038719 0.033986
0 0.241223 0.465417 0.033336 0.033056
0 0.203254 0.475382 0.031586 0.046653
